velocity = [
-3.6117e-05, -5.6054e-05, -3.85592e-07, 5.60329e-05, -3.61539e-05, 7.35503e-06;
-3.6117e-05, -5.6054e-05, -3.85592e-07, 5.60329e-05, -3.61539e-05, 7.35503e-06;
-3.6117e-05, -5.6054e-05, -3.85592e-07, 5.60329e-05, -3.61539e-05, 7.35503e-06;
-3.6117e-05, -5.6054e-05, -3.85592e-07, 5.60329e-05, -3.61539e-05, 7.35503e-06;
-3.6117e-05, -5.6054e-05, -3.85592e-07, 5.60329e-05, -3.61539e-05, 7.35503e-06;
-3.6117e-05, -5.6054e-05, -3.85592e-07, 5.60329e-05, -3.61539e-05, 7.35503e-06;
-3.6117e-05, -5.6054e-05, -3.85592e-07, 5.60329e-05, -3.61539e-05, 7.35503e-06;
-3.6117e-05, -5.6054e-05, -3.85592e-07, 5.60329e-05, -3.61539e-05, 7.35503e-06;
-3.6117e-05, -5.6054e-05, -3.85592e-07, 5.60329e-05, -3.61539e-05, 7.35503e-06;
-0, -0, -0, -0, -0, -0;
-3.6117e-05, -5.6054e-05, -3.85592e-07, 5.60329e-05, -3.61539e-05, 7.35503e-06;
-3.6117e-05, -5.6054e-05, -3.85592e-07, 5.60329e-05, -3.61539e-05, 7.35503e-06;
-3.6117e-05, -5.6054e-05, -3.85592e-07, 5.60329e-05, -3.61539e-05, 7.35503e-06;
-3.6117e-05, -5.6054e-05, -3.85592e-07, 5.60329e-05, -3.61539e-05, 7.35503e-06;
-3.6117e-05, -5.6054e-05, -3.85592e-07, 5.60329e-05, -3.61539e-05, 7.35503e-06;
-3.6117e-05, -5.6054e-05, -3.85592e-07, 5.60329e-05, -3.61539e-05, 7.35503e-06;
-3.6117e-05, -5.6054e-05, -3.85592e-07, 5.60329e-05, -3.61539e-05, 7.35503e-06;
-3.6117e-05, -5.6054e-05, -3.85592e-07, 5.60329e-05, -3.61539e-05, 7.35503e-06;
-3.6117e-05, -5.6054e-05, -3.85592e-07, 5.60329e-05, -3.61539e-05, 7.35503e-06;
-3.6117e-05, -5.6054e-05, -3.85592e-07, 5.60329e-05, -3.61539e-05, 7.35503e-06;
-3.6117e-05, -5.6054e-05, -3.85592e-07, 5.60329e-05, -3.61539e-05, 7.35503e-06;
-3.6117e-05, -5.6054e-05, -3.85592e-07, 5.60329e-05, -3.61539e-05, 7.35503e-06;
-3.6117e-05, -5.6054e-05, -3.85592e-07, 5.60329e-05, -3.61539e-05, 7.35503e-06;
-3.6117e-05, -5.6054e-05, -3.85592e-07, 5.60329e-05, -3.61539e-05, 7.35503e-06;
-3.6117e-05, -5.6054e-05, -3.85592e-07, 5.60329e-05, -3.61539e-05, 7.35503e-06;
-3.6117e-05, -5.6054e-05, -3.85592e-07, 5.60329e-05, -3.61539e-05, 7.35503e-06;
-0, -0, -0, -0, -0, -0;
-3.6117e-05, -5.6054e-05, -3.85592e-07, 5.60329e-05, -3.61539e-05, 7.35503e-06;
-3.6117e-05, -5.6054e-05, -3.85592e-07, 5.60329e-05, -3.61539e-05, 7.35503e-06;
-3.6117e-05, -5.6054e-05, -3.85592e-07, 5.60329e-05, -3.61539e-05, 7.35503e-06;
-3.6117e-05, -5.6054e-05, -3.85592e-07, 5.60329e-05, -3.61539e-05, 7.35503e-06;
-3.6117e-05, -5.6054e-05, -3.85592e-07, 5.60329e-05, -3.61539e-05, 7.35503e-06;
-3.6117e-05, -5.6054e-05, -3.85592e-07, 5.60329e-05, -3.61539e-05, 7.35503e-06;
-3.6117e-05, -5.6054e-05, -3.85592e-07, 5.60329e-05, -3.61539e-05, 7.35503e-06;
-3.6117e-05, -5.6054e-05, -3.85592e-07, 5.60329e-05, -3.61539e-05, 7.35503e-06;
-3.6117e-05, -5.6054e-05, -3.85592e-07, 5.60329e-05, -3.61539e-05, 7.35503e-06;
-0, -0, -0, -0, -0, -0;
-3.6117e-05, -5.6054e-05, -3.85592e-07, 5.60329e-05, -3.61539e-05, 7.35503e-06;
-3.6117e-05, -5.6054e-05, -3.85592e-07, 5.60329e-05, -3.61539e-05, 7.35503e-06;
-3.6117e-05, -5.6054e-05, -3.85592e-07, 5.60329e-05, -3.61539e-05, 7.35503e-06;
-3.6117e-05, -5.6054e-05, -3.85592e-07, 5.60329e-05, -3.61539e-05, 7.35503e-06;
-3.6117e-05, -5.6054e-05, -3.85592e-07, 5.60329e-05, -3.61539e-05, 7.35503e-06;
-3.6117e-05, -5.6054e-05, -3.85592e-07, 5.60329e-05, -3.61539e-05, 7.35503e-06;
-3.6117e-05, -5.6054e-05, -3.85592e-07, 5.60329e-05, -3.61539e-05, 7.35503e-06;
-3.6117e-05, -5.6054e-05, -3.85592e-07, 5.60329e-05, -3.61539e-05, 7.35503e-06;
-3.6117e-05, -5.6054e-05, -3.85592e-07, 5.60329e-05, -3.61539e-05, 7.35503e-06;
-3.6117e-05, -5.6054e-05, -3.85592e-07, 5.60329e-05, -3.61539e-05, 7.35503e-06;
-3.6117e-05, -5.6054e-05, -3.85592e-07, 5.60329e-05, -3.61539e-05, 7.35503e-06;
-3.6117e-05, -5.6054e-05, -3.85592e-07, 5.60329e-05, -3.61539e-05, 7.35503e-06;
-3.6117e-05, -5.6054e-05, -3.85592e-07, 5.60329e-05, -3.61539e-05, 7.35503e-06;
-3.6117e-05, -5.6054e-05, -3.85592e-07, 5.60329e-05, -3.61539e-05, 7.35503e-06;
-3.6117e-05, -5.6054e-05, -3.85592e-07, 5.60329e-05, -3.61539e-05, 7.35503e-06;
-3.6117e-05, -5.6054e-05, -3.85592e-07, 5.60329e-05, -3.61539e-05, 7.35503e-06;
-3.6117e-05, -5.6054e-05, -3.85592e-07, 5.60329e-05, -3.61539e-05, 7.35503e-06;
-3.6117e-05, -5.6054e-05, -3.85592e-07, 5.60329e-05, -3.61539e-05, 7.35503e-06;
-3.6117e-05, -5.6054e-05, -3.85592e-07, 5.60329e-05, -3.61539e-05, 7.35503e-06;
-3.6117e-05, -5.6054e-05, -3.85592e-07, 5.60329e-05, -3.61539e-05, 7.35503e-06;
-3.6117e-05, -5.6054e-05, -3.85592e-07, 5.60329e-05, -3.61539e-05, 7.35503e-06;
-0, -0, -0, -0, -0, -0;
-3.6117e-05, -5.6054e-05, -3.85592e-07, 5.60329e-05, -3.61539e-05, 7.35503e-06;
-3.6117e-05, -5.6054e-05, -3.85592e-07, 5.60329e-05, -3.61539e-05, 7.35503e-06;
-0, -0, -0, -0, -0, -0;
-3.6117e-05, -5.6054e-05, -3.85592e-07, 5.60329e-05, -3.61539e-05, 7.35503e-06;
-3.6117e-05, -5.6054e-05, -3.85592e-07, 5.60329e-05, -3.61539e-05, 7.35503e-06;
-3.6117e-05, -5.6054e-05, -3.85592e-07, 5.60329e-05, -3.61539e-05, 7.35503e-06;
-3.6117e-05, -5.6054e-05, -3.85592e-07, 5.60329e-05, -3.61539e-05, 7.35503e-06;
-3.6117e-05, -5.6054e-05, -3.85592e-07, 5.60329e-05, -3.61539e-05, 7.35503e-06;
-0, -0, -0, -0, -0, -0;
-3.6117e-05, -5.6054e-05, -3.85592e-07, 5.60329e-05, -3.61539e-05, 7.35503e-06;
-3.6117e-05, -5.6054e-05, -3.85592e-07, 5.60329e-05, -3.61539e-05, 7.35503e-06;
-3.6117e-05, -5.6054e-05, -3.85592e-07, 5.60329e-05, -3.61539e-05, 7.35503e-06;
-3.6117e-05, -5.6054e-05, -3.85592e-07, 5.60329e-05, -3.61539e-05, 7.35503e-06;
-3.6117e-05, -5.6054e-05, -3.85592e-07, 5.60329e-05, -3.61539e-05, 7.35503e-06;
-3.6117e-05, -5.6054e-05, -3.85592e-07, 5.60329e-05, -3.61539e-05, 7.35503e-06;
-3.6117e-05, -5.6054e-05, -3.85592e-07, 5.60329e-05, -3.61539e-05, 7.35503e-06;
-3.6117e-05, -5.6054e-05, -3.85592e-07, 5.60329e-05, -3.61539e-05, 7.35503e-06;
-0, -0, -0, -0, -0, -0;
-3.6117e-05, -5.6054e-05, -3.85592e-07, 5.60329e-05, -3.61539e-05, 7.35503e-06;
-3.6117e-05, -5.6054e-05, -3.85592e-07, 5.60329e-05, -3.61539e-05, 7.35503e-06;
-3.6117e-05, -5.6054e-05, -3.85592e-07, 5.60329e-05, -3.61539e-05, 7.35503e-06;
-3.6117e-05, -5.6054e-05, -3.85592e-07, 5.60329e-05, -3.61539e-05, 7.35503e-06;
-3.6117e-05, -5.6054e-05, -3.85592e-07, 5.60329e-05, -3.61539e-05, 7.35503e-06;
-3.6117e-05, -5.6054e-05, -3.85592e-07, 5.60329e-05, -3.61539e-05, 7.35503e-06;
-3.6117e-05, -5.6054e-05, -3.85592e-07, 5.60329e-05, -3.61539e-05, 7.35503e-06;
-3.6117e-05, -5.6054e-05, -3.85592e-07, 5.60329e-05, -3.61539e-05, 7.35503e-06;
-3.6117e-05, -5.6054e-05, -3.85592e-07, 5.60329e-05, -3.61539e-05, 7.35503e-06;
-3.6117e-05, -5.6054e-05, -3.85592e-07, 5.60329e-05, -3.61539e-05, 7.35503e-06;
-3.6117e-05, -5.6054e-05, -3.85592e-07, 5.60329e-05, -3.61539e-05, 7.35503e-06;
-3.6117e-05, -5.6054e-05, -3.85592e-07, 5.60329e-05, -3.61539e-05, 7.35503e-06;
-0, -0, -0, -0, -0, -0;
-3.6117e-05, -5.6054e-05, -3.85592e-07, 5.60329e-05, -3.61539e-05, 7.35503e-06;
-3.6117e-05, -5.6054e-05, -3.85592e-07, 5.60329e-05, -3.61539e-05, 7.35503e-06;
-0, -0, -0, -0, -0, -0;
-3.6117e-05, -5.6054e-05, -3.85592e-07, 5.60329e-05, -3.61539e-05, 7.35503e-06;
-3.6117e-05, -5.6054e-05, -3.85592e-07, 5.60329e-05, -3.61539e-05, 7.35503e-06;
-3.6117e-05, -5.6054e-05, -3.85592e-07, 5.60329e-05, -3.61539e-05, 7.35503e-06;
-0, -0, -0, -0, -0, -0;
-0, -0, -0, -0, -0, -0;
-3.6117e-05, -5.6054e-05, -3.85592e-07, 5.60329e-05, -3.61539e-05, 7.35503e-06;
-0, -0, -0, -0, -0, -0;
-3.6117e-05, -5.6054e-05, -3.85592e-07, 5.60329e-05, -3.61539e-05, 7.35503e-06;
-0, -0, -0, -0, -0, -0;
-3.6117e-05, -5.6054e-05, -3.85592e-07, 5.60329e-05, -3.61539e-05, 7.35503e-06;
-3.6117e-05, -5.6054e-05, -3.85592e-07, 5.60329e-05, -3.61539e-05, 7.35503e-06;
-0, -0, -0, -0, -0, -0;
-3.6117e-05, -5.6054e-05, -3.85592e-07, 5.60329e-05, -3.61539e-05, 7.35503e-06;
-0, -0, -0, -0, -0, -0;
-3.6117e-05, -5.6054e-05, -3.85592e-07, 5.60329e-05, -3.61539e-05, 7.35503e-06;
-0, -0, -0, -0, -0, -0;
-3.6117e-05, -5.6054e-05, -3.85592e-07, 5.60329e-05, -3.61539e-05, 7.35503e-06;
-3.6117e-05, -5.6054e-05, -3.85592e-07, 5.60329e-05, -3.61539e-05, 7.35503e-06;
