velocity = [
0.0007076, -0.000255497, -1.11081e-05, 0.000254182, 0.000708249, -9.87047e-05;
0.00197571, -1.84042e-05, -0.000113293, 4.99154e-06, 0.00198233, -0.000234978;
0.00236916, -0.000144968, -0.000121304, 0.000130607, 0.00237625, -0.000288955;
0.00219434, -0.000767832, -3.73469e-05, 0.000763411, 0.00219653, -0.000304663;
-0.00994605, 0.00134345, 0.000422254, -0.00129346, -0.00997073, 0.00125602;
-0.0251316, -0.00448718, 0.00200007, 0.00472397, -0.0252485, 0.00271305;
-0.0317603, -0.00438791, 0.00237573, 0.00466917, -0.0318992, 0.00350362;
-0.0382246, -0.00443948, 0.00275965, 0.00476619, -0.0383859, 0.00426591;
-0.0468206, -0.00648731, 0.00350448, 0.0069022, -0.0470254, 0.00516389;
-0.0569631, -0.00485194, 0.00390366, 0.00531409, -0.0571913, 0.00646024;
-0.067883, -0.00357565, 0.00439078, 0.00409547, -0.0681397, 0.00782763;
-0.0824008, -0.00354721, 0.00523592, 0.00416709, -0.0827068, 0.00954803;
-0.0947026, -0.00230903, 0.00580832, 0.00299667, -0.0950421, 0.0110768;
-0.107497, 0.0019748, 0.00604892, -0.00125867, -0.10785, 0.0128418;
-0.115717, 0.00610299, 0.00604062, -0.00538785, -0.11607, 0.0140563;
-0.129462, 0.00359224, 0.00714121, -0.0027468, -0.129879, 0.0155368;
-0.144405, 0.00175311, 0.00823227, -0.000778499, -0.144886, 0.0171984;
-0.154948, 8.11755e-05, 0.00904642, 0.000989822, -0.155477, 0.0183489;
-0.165599, 0.00332822, 0.0092845, -0.00222904, -0.166141, 0.0197996;
-0.176123, 0.00501562, 0.00969981, -0.00386727, -0.17669, 0.0211441;
-0.181387, 0.00682148, 0.00979371, -0.00566201, -0.18196, 0.021873;
-0.1813, 0.0059143, 0.00989602, -0.00474272, -0.181879, 0.0218096;
-0.179999, 0.00525157, 0.0098984, -0.00407971, -0.180577, 0.0216168;
-0.178898, 0.00471728, 0.00989732, -0.00354555, -0.179476, 0.0214552;
-0.177906, 0.00367124, 0.00996317, -0.0024917, -0.178488, 0.0212766;
-0.176633, 0.00223607, 0.0100587, -0.00104523, -0.177221, 0.0210421;
-0.176225, 0.00151117, 0.0101207, -0.000312991, -0.176817, 0.0209514;
-0.175302, 0.000782599, 0.010153, 0.000419404, -0.175896, 0.0207996;
-0.173906, -0.000843121, 0.0102639, 0.00205825, -0.174506, 0.0205393;
-0.172756, -0.0014138, 0.0102642, 0.00262897, -0.173356, 0.0203698;
-0.171821, -0.00163563, 0.0102358, 0.00284744, -0.172419, 0.0202461;
-0.168965, -3.33772e-05, 0.00987921, 0.00120297, -0.169542, 0.0200016;
-0.151184, -0.000656253, 0.00891376, 0.00171154, -0.151705, 0.0178602;
-0.105993, -0.00933599, 0.00730013, 0.0102002, -0.10642, 0.0120028;
-0.0810726, -0.00992238, 0.00591304, 0.0106224, -0.0814182, 0.00901819;
-0.0573269, -0.00918917, 0.00443841, 0.00971463, -0.0575863, 0.00624981;
-0.0158226, -0.00504291, 0.00152178, 0.00522307, -0.0159115, 0.00157848;
0.0307212, -0.00457297, -0.00125413, 0.0044245, 0.0307945, -0.00390432;
0.0584737, -0.00943681, -0.00230032, 0.00916448, 0.0586082, -0.00747419;
0.0754171, -0.0122418, -0.00295851, 0.0118916, 0.0755901, -0.00964404;
0.0924149, -0.0128224, -0.00388322, 0.0123627, 0.0926419, -0.0116903;
0.106243, -0.0179226, -0.0040876, 0.0174386, 0.106482, -0.0136255;
0.113224, -0.0186265, -0.0044123, 0.0181041, 0.113482, -0.0144932;
0.122146, -0.0218589, -0.00455104, 0.0213201, 0.122412, -0.0157383;
0.13018, -0.0252933, -0.00461399, 0.0247471, 0.130449, -0.0168901;
0.130456, -0.0252199, -0.00463885, 0.0246707, 0.130728, -0.0169186;
0.12991, -0.0250123, -0.00463151, 0.024464, 0.130181, -0.0168418;
0.129486, -0.0243954, -0.00467972, 0.0238413, 0.129759, -0.0167555;
0.129747, -0.0239316, -0.00474991, 0.0233693, 0.130025, -0.0167593;
0.128781, -0.0240058, -0.00468465, 0.0234512, 0.129055, -0.0166493;
0.127576, -0.0228629, -0.00474955, 0.0223006, 0.127854, -0.0164398;
0.117251, -0.0199302, -0.0044933, 0.0193982, 0.117514, -0.0150461;
0.09551, -0.0167606, -0.00359787, 0.0163346, 0.0957203, -0.0122869;
0.0785581, -0.0151663, -0.00279585, 0.0148353, 0.0787215, -0.0101868;
0.0696679, -0.012408, -0.00260281, 0.0120999, 0.06982, -0.00897311;
0.0634559, -0.0115833, -0.00233739, 0.0113065, 0.0635925, -0.00818948;
0.0531839, -0.0102088, -0.00189976, 0.00998384, 0.0532949, -0.00689305;
0.0362711, -0.00574858, -0.00143932, 0.00557818, 0.0363552, -0.00463007;
0.014411, -0.000462191, -0.000787539, 0.000368955, 0.014457, -0.00173311;
-0.00217892, -0.00136854, 0.000289368, 0.0014028, -0.00219583, 0.000177975;
-0.00530656, -0.00193076, 0.000538726, 0.00199454, -0.00533805, 0.000515394;
-0.00414113, -0.00197021, 0.000475283, 0.00202648, -0.00416891, 0.000375114;
-0.00307653, -0.00237288, 0.000460733, 0.00242743, -0.00310346, 0.000225543;
-0.00154425, -0.00331941, 0.000483236, 0.00337662, -0.00157249, -1.1183e-05;
-0.00154598, -0.00323242, 0.000473039, 0.00328842, -0.00157363, -5.89324e-06;
-0.000813567, -0.00356096, 0.000469128, 0.0036165, -0.000840985, -0.000111805;
-3.17684e-06, -0.00353882, 0.000419143, 0.00358844, -2.76739e-05, -0.000206452;
0.00121504, -0.00359889, 0.000355055, 0.00364093, 0.00119429, -0.000354187;
0.00178075, -0.00341358, 0.000300054, 0.00344911, 0.00176321, -0.00041033;
0.00232784, -0.00320139, 0.000242958, 0.00323016, 0.00231364, -0.000462698;
0.0037091, -0.00399638, 0.000256347, 0.00402673, 0.00369412, -0.000672688;
0.00435275, -0.0033175, 0.000138357, 0.00333388, 0.00434466, -0.000709211;
0.00505664, -0.00341304, 0.000108528, 0.00342589, 0.0050503, -0.000798128;
0.00561973, -0.00367862, 0.00010706, 0.0036913, 0.00561347, -0.000880313;
0.00626361, -0.0038105, 8.50402e-05, 0.00382056, 0.00625864, -0.00096425;
0.00670847, -0.00400053, 8.15376e-05, 0.00401018, 0.0067037, -0.00102802;
0.00710277, -0.00383153, 3.84852e-05, 0.00383608, 0.00710052, -0.00106483;
0.00763407, -0.00336463, -4.78425e-05, 0.00335897, 0.00763686, -0.00110044;
0.00937705, -0.00291061, -0.000203464, 0.00288652, 0.00938894, -0.00128025;
0.00842132, -0.00297843, -0.000139576, 0.00296191, 0.00842948, -0.00117107;
0.00790499, -0.00242047, -0.000175455, 0.0023997, 0.00791524, -0.00107733;
0.00897772, -0.00302255, -0.000166872, 0.0030028, 0.00898748, -0.00123952;
0.00876329, -0.00394135, -4.55631e-05, 0.00393596, 0.00876595, -0.00126783;
0.00900495, -0.00416095, -3.36892e-05, 0.00415696, 0.00900692, -0.00130928;
]
